484
1954
-8795
-616
-8600
6965
-954
-3773
-5280
-8423
-9838
-4129
-4125
4739
8357
5719
-7151
5250
5013
2750
1372
7191
2107
-6511
-9322
9367
-6907
4540
-8215
8393
7185
9971
-6981
9552
9629
-771
-5774
-9516
-7990
-2741
-8758
-620
7101
-9416
-277
6279
3000
-9509
9236
-5478
-248
681
-2030
-1294
-1702
3783
6889
3758
-1244
-8180
1567
-8548
4477
6020
-5453
-3836
3955
6234
-4202
2595
3725
-2225
-9633
-3024
4429
-9698
8500
6362
-4959
4329
7784
-3258
-254
-7960
5590
-287
5657
-4276
-5645
6197
-2250
3915
-2144
3560
8291
4117
-6951
7336
-5528
-1698
-1929
6491
-4850
932
-2050
3941
-6812
-7567
-6309
7642
-2601
-1991
-424
-178
-2123
3163
9484
4056
-775
-6580
7301
-8280
427
-7575
6693
5992
-5795
-7243
7627
3144
-2891
7798
-5181
-2699
-8170
6526
7615
-2233
-1447
2457
-1207
3563
-289
-7010
2758
2425
4247
5712
6680
4205
-3030
-5656
-7554
6247
-9075
-9136
8233
5878
-7822
-8316
-7673
-675
5969
7251
7769
-4331
4461
-4733
-2788
4538
7897
8098
-7766
5725
-6497
5815
-6432
-4225
3712
-5799
-1873
-8140
4525
-8491
8764
-5126
4109
-6491
-5173
287
532
-8797
-1995
4589
-3853
3401
5571
-1038
-1679
-1117
-5179
6329
7692
-593
6341
-8693
8984
-8240
2755
2146
3673
4344
6685
-1170
7808
422
4957
-1735
3267
-8257
4982
6454
-8995
-4774
7448
3942
4182
-9470
8571
2695
4534
4648
-7501
7259
-2345
-5105
-508
-5586
1725
-8139
7817
6715
7227
-1579
1113
500
1828
9566
7866
-2757
2768
5971
5741
5766
5401
4504
8458
-3598
-40
-9047
-6251
-809
-9035
-675
4654
4321
-5898
3045
-2411
-7385
5897
-8167
-9797
-6143
-3505
-9342
-6609
-7222
-2050
-4078
3196
293
1752
-2334
8416
-278
5852
244
4463
-2158
-6797
8765
-7973
1972
3714
8512
2115
7243
3434
-8383
-9403
-8792
4940
-9779
-8291
-6429
493
-1689
2494
199
1565
-6159
-7707
-6617
8131
1777
9368
-6731
8934
8849
-4621
-6342
1196
-1425
-3115
3755
1338
-6001
-8058
-6778
350
-4010
-1935
8697
-7905
-5710
-3512
3048
7873
-9782
6421
-2424
6112
-7678
2772
-5049
5013
-6049
-3651
7096
7218
-4684
-1706
7249
-9350
7549
-9350
-9656
-4238
9184
1616
3366
5069
7311
-7407
-3861
9960
-3781
-8192
5402
-2377
-7981
4052
-7393
437
-6102
-1458
2328
4873
-5421
-940
3766
5723
-381
5894
2014
-6855
-2721
8042
5505
3845
9764
-7040
8869
-2761
-7501
5413
7175
7985
4791
3376
-5723
-802
4028
741
9385
7992
-5491
-9435
8495
8941
8318
9437
-3240
-3195
4363
6038
-5357
-7278
-3892
-2744
725
-1541
-9349
-5101
-1816
4521
9709
9538
-8131
6911
-6878
3625
-5603
5220
-6733
-5821
-1877
-1905
2427
5922
-4479
7463
-2740
2123
1258
-3408
8450
-1345
-9273
-1290
97
3846
-3880
-3894
-8329
6836
139
-2310
2674
-157
590
5069
-2593
3714
576
-2805
-9579
8173
4585
4325
7850
-2997
7118
3400
8929
-295
-772
-9765
-3228
-3953
5442
5481
-2808
5867
372
1821
9705
4273
-7611
-8933
350
-1575
2039
-5126
1242
-699
-1354
2061
-1695
-2567
-1028
-231
80
1895
-5019
5581
-6313
4129
7028
-41
-9183
-9343
9496
28
-1401
-9098
-4615
-1763
-7475
-5817
-6261
-6864
8538
8160
-9789
2743
-4791
-4040
-995
7067
-2670
5932
9230
6809
-4592
-8738
-390
-4937
1583
-6463
-2964
6996
-2895
8064
7729
8900
4319
3681
-207
-1167
291
4373
390
-444
-2067
-389
3586
-4979
457
3911
3943
-5619
-4943
2093
9009
-7722
-9739
-7305
9541
4496
-2686
6678
-2972
-6275
-5090
-3254
-3778
-329
4232
4099
9780
2275
-6931
-6738
-9838
8621
-6362
-1848
6478
-9825
8736
-6906
9809
1534
-8215
-3070
-4937
-8882
8021
1389
-1441
4597
6006
4544
-2386
-1789
6612
-1044
-3171
-9194
-4556
-1356
8061
-8914
4101
-1732
-4473
7423
2513
-4882
4862
-9648
308
-5227
9134
3519
-1365
-7064
-9459
-8874
6858
2429
-1350
5393
-3118
-3563
-2429
7645
-2333
-3954
-8572
928
-743
9483
3569
-5445
378
340
8181
-6783
6439
-8145
22
463
3841
-3224
2310
-4468
1443
5598
2409
2543
7371
-297
-442
-7168
-4633
8547
-4904
-5525
-6529
8745
8106
9104
-3953
-6692
-5298
-1516
-3351
4251
8660
4652
5144
-1937
7564
-1778
7015
-5997
-5731
-1710
-124
1574
-2341
1579
6241
820
7262
-4530
-2951
-3592
-5871
-7523
1652
2621
-5413
-6484
-9472
6747
-5171
4652
-7130
4106
2236
-7961
3389
5816
-8561
233
-7967
-5211
-2068
9278
-9843
1340
-1002
5880
9036
-1135
-3735
3444
356
1602
-4620
-7295
2864
-4768
7768
-4453
-3825
6801
-5089
5499
5267
-3387
3652
-3749
7221
2945
7149
3352
-7385
-9020
9968
7294
2619
-3414
2676
4920
-8730
-9972
4307
1779
801
221
5303
3948
1471
6095
9622
-5913
-3057
-5867
9675
-3812
3865
-1949
7272
5926
-6756
7039
-7132
9040
-4203
-1443
4342
-6291
1029
2211
-3350
-6072
-8649
-1630
-144
-6666
-5212
3512
-4698
-6944
1060
6667
-9811
6847
-9579
-8841
1346
-5804
-2755
-4747
-258
1650
4214
2755
-2864
6669
7957
-3871
141
-5078
-1690
762
-6422
1341
-9582
1042
-7685
2979
-5681
-7349
2346
-1711
-1279
-5141
3621
3608
-7686
-3996
4982
903
-2869
1484
-8757
9451
-4968
144
7568
-5959
1263
9258
9078
-1236
4523
5370
5690
223
-7694
9804
4479
9167
-1235
8340
2493
1918
8818
-7076
7842
-9130
7748
-1267
8767
-6029
111
-8287
3082
7311
2894
4163
-6883
-2364
-4307
4770
-4014
3345
8471
442
-4416
6855
-5135
-3046
-4597
-1370
-1600
8368
-7017
1514
-651
-6608
2224
8123
-9333
-5336
-6949
-5628
-6481
-1288
4738
8378
5787
-9556
-9976
-2010
5877
-8488
1914
-2416
-1547
457
-2630
2010
-7566
4044
-8847
6422
-6550
8619
2137
-1054
3354
-672
-9492
955
-6991
3206
-309
-9312
8700
4205
-1690
9161
-6073
-9340
929
1869
2173
984
5042
-9551
141
-2228
-229
6354
491
6112
-6422
-9458
3089
5769
1755
6876
-6480
-7583
151
286
6129
-3554
8149
-7212
-4859
7405
-8241
-5289
1445
9312
-429
7732
3543
6389
-9310
2082
5752
5257
7171
2660
-1470
4234
-4899
-9023
8467
3421
3091
4176
-2894
-504
-4705
2653
6390
4221
1121
7649
-3900